<?xml version="1.0"?>
<opencv_storage>
<calibration_Time>"11/21/14 09:32:43"</calibration_Time>
<nrOfFrames>25</nrOfFrames>
<image_Width>640</image_Width>
<image_Height>480</image_Height>
<board_Width>9</board_Width>
<board_Height>6</board_Height>
<square_Size>2.6200000762939453e+001</square_Size>
<FixAspectRatio>1.</FixAspectRatio>
<!-- flags:  +fix_aspectRatio +fix_principal_point +zero_tangent_dist -->
<flagValue>14</flagValue>
<Camera_Matrix type_id="opencv-matrix">
  <rows>3</rows>
  <cols>3</cols>
  <dt>d</dt>
  <data>
    6.7850443764846761e+002 0. 3.1950000000000000e+002 0.
    6.7850443764846761e+002 2.3950000000000000e+002 0. 0. 1.</data></Camera_Matrix>
<Distortion_Coefficients type_id="opencv-matrix">
  <rows>5</rows>
  <cols>1</cols>
  <dt>d</dt>
  <data>
    1.9545412224863909e-001 -1.9766071728221104e+000 0. 0.
    5.9710084230706961e+000</data></Distortion_Coefficients>
<Avg_Reprojection_Error>3.1667078387921144e-001</Avg_Reprojection_Error>
<Per_View_Reprojection_Errors type_id="opencv-matrix">
  <rows>25</rows>
  <cols>1</cols>
  <dt>f</dt>
  <data>
    2.98619211e-001 3.14902455e-001 3.32478672e-001 3.46878469e-001
    4.28243101e-001 5.30036747e-001 5.32112539e-001 2.29460374e-001
    2.43570521e-001 2.47673422e-001 2.66147077e-001 3.39855939e-001
    2.82905757e-001 2.36621320e-001 2.53924698e-001 2.70326108e-001
    2.02891141e-001 2.75009066e-001 3.38277489e-001 3.21350634e-001
    3.01006138e-001 2.97784626e-001 3.03551793e-001 2.20559940e-001
    2.29196876e-001</data></Per_View_Reprojection_Errors>
<!-- a set of 6-tuples (rotation vector + translation vector) for each view -->
<Extrinsic_Parameters type_id="opencv-matrix">
  <rows>25</rows>
  <cols>6</cols>
  <dt>d</dt>
  <data>
    9.0668978579473661e-002 -3.6088376869759367e-002
    -3.1374540252383643e+000 1.1690935877123871e+002
    6.9212067154319527e+001 3.6766738285233168e+002
    1.6038800138034017e-002 -3.2034807746187111e-001
    3.1003994441124019e+000 1.2800656682804635e+002
    6.8239184464315159e+001 4.0981462973833590e+002
    4.8454025787099075e-001 -1.5062771290699459e-001
    3.0931817269539246e+000 1.0353684876278635e+002
    5.4316941797159927e+001 4.0474700484559537e+002
    -6.0266254835494959e-001 -3.6265983647004968e-001
    -3.0606020643266998e+000 1.2280704291649381e+002
    4.5608473955485039e+001 4.0278325014180717e+002
    -2.1989327801834720e-002 -5.4575648451834868e-001
    -3.0809873644360533e+000 1.0599393613948567e+002
    5.7516290825259105e+001 4.3795628077402739e+002
    -4.0993084135495844e-001 4.5651327906829298e-001
    2.9711837535481269e+000 1.4284700234071664e+002
    4.0420361646005119e+001 4.2651816481682101e+002
    -5.5122421374344399e-001 1.0609981891412368e-002
    3.0311609828718149e+000 1.5584813362036388e+002
    6.1826569243018703e+001 4.3366170327748870e+002
    4.4310539431119733e-002 1.6539210344559169e-001
    3.0244513870309597e+000 8.9419983780004728e+001
    3.9886434243991488e+001 6.3652082613783648e+002
    4.4454970104730307e-001 1.9343026745020173e-002
    3.0027625887278022e+000 1.4614907139057911e+002
    3.7140348495747233e+001 6.2243623610034206e+002
    2.4756479177422896e-001 -2.1531471481115555e-001
    3.0696055658023629e+000 1.1581581045084019e+002
    5.8157252740865353e+001 6.2210720585533727e+002
    -9.2396735289261830e-002 -4.5860185169078754e-001
    3.0738661017411761e+000 1.7602858172413085e+002
    6.1082262940144467e+001 6.3210121013273294e+002
    -6.2038734350928361e-002 4.9472737578400655e-001
    3.0692244848619588e+000 1.2941583229493273e+002
    3.0211557463796975e+001 6.4237949830898094e+002
    -4.2306490716271872e-001 4.8388634084157284e-001
    2.8157922719062989e+000 9.4826947266462511e+001
    1.3190795605116008e+001 6.6086594490206517e+002
    -2.2709410785509734e-001 -4.0519834316328573e-001
    -3.0723559595207481e+000 8.3301273663026308e+001
    6.2662687919374775e+001 6.4700737590946437e+002
    -4.0941378109372553e-002 -8.4679461810585818e-002
    -1.4795358008627513e+000 5.6598636349293683e+000
    8.3351207022966861e+001 6.7261073825746598e+002
    1.9005589749969401e-001 -2.5469604896367608e-002
    -1.5379370845226417e+000 -6.2912466253469958e+001
    1.3444921747754108e+002 5.2737024865581645e+002
    -2.0375940528170287e-002 -1.7748964138912940e-001
    -1.5703152826845543e+000 -1.2389635364084781e+002
    1.0151019072992131e+002 4.8512403300944931e+002
    -1.5689468432475576e-001 -3.1925040431724128e-001
    -1.6392701938189385e+000 -1.1398574487434827e+002
    1.0607311796473124e+002 4.6658881397672718e+002
    3.3693919799458605e-001 1.3919972788005336e-001
    -1.6347546167355698e+000 -1.3926808314496159e+002
    1.1657156423661644e+002 5.4532613076826578e+002
    1.8590436000795008e-001 2.5452531973162468e-001
    -1.5784198346658096e+000 -1.6281223577891657e+002
    1.4158828764429148e+002 5.7603151625485987e+002
    1.2134412212978098e-001 -1.7476658639201195e-001
    -1.5351704612985859e+000 -4.4317880217944989e+001
    1.1750734736314359e+002 4.4893394601121156e+002
    -8.6329804774867864e-003 -3.1526907506309609e-001
    -1.5785498490140430e+000 -8.9829755075064128e+001
    9.4835860852780968e+001 4.5867417648132749e+002
    3.8816960066747824e-001 -1.0453845998974962e-001
    -3.0672139252669091e+000 8.7430913602056449e+001
    5.4481718007887594e+001 6.7654868167860786e+002
    6.7945748790702989e-002 -2.6563299277173363e-001
    3.0679685443788234e+000 1.1513972373759172e+002
    4.1834213768923803e+001 7.1440510078032912e+002
    1.2768994898227720e-001 -2.5191043319776474e-001
    3.1247107658411069e+000 6.4806213177748830e+001
    1.4282460329652846e+001 6.1200746904727009e+002</data></Extrinsic_Parameters>
